"dormId","ratePlan","date","priceValue","priceCurrency","crawledAt"
"666697","342496","2025-10-07","45.00","NZD","2025-10-03 13:18:29"
"666697","342496","2025-10-08","45.00","NZD","2025-10-03 13:18:29"
"666697","342496","2025-10-10","45.00","NZD","2025-10-03 13:18:30"
"666697","342496","2025-10-11","45.00","NZD","2025-10-03 13:18:31"
"666697","342496","2025-10-12","45.00","NZD","2025-10-03 13:18:31"
"666697","342496","2025-10-13","45.00","NZD","2025-10-03 13:18:32"
"666697","342496","2025-10-14","45.00","NZD","2025-10-03 13:18:32"
"666697","342496","2025-10-15","45.00","NZD","2025-10-03 13:18:32"
"666697","342496","2025-10-16","45.00","NZD","2025-10-03 13:18:33"
"666697","342496","2025-10-17","45.00","NZD","2025-10-03 13:18:33"
"666697","342496","2025-10-18","45.00","NZD","2025-10-03 13:18:34"
"666697","342496","2025-10-19","45.00","NZD","2025-10-03 13:18:35"
"666697","342496","2025-10-20","45.00","NZD","2025-10-03 13:18:35"
"666697","342496","2025-10-21","45.00","NZD","2025-10-03 13:18:36"
"666697","342496","2025-10-22","45.00","NZD","2025-10-03 13:18:36"
"666697","342496","2025-10-23","45.00","NZD","2025-10-03 13:18:37"
"666697","342496","2025-10-24","45.00","NZD","2025-10-03 13:18:37"
"666697","342496","2025-10-27","45.00","NZD","2025-10-03 13:18:40"
"666697","342496","2025-10-28","45.00","NZD","2025-10-03 13:18:40"
"666697","342496","2025-10-29","45.00","NZD","2025-10-03 13:18:41"
"666697","342496","2025-10-30","45.00","NZD","2025-10-03 13:18:41"
"666697","342496","2025-10-31","45.00","NZD","2025-10-03 13:18:41"
"666697","342496","2025-11-01","45.00","NZD","2025-10-03 13:18:42"
"666697","342496","2025-11-02","45.00","NZD","2025-10-03 13:18:42"
"666697","342496","2025-11-03","45.00","NZD","2025-10-03 13:18:43"
"666697","342496","2025-11-04","45.00","NZD","2025-10-03 13:18:43"
"666697","342496","2025-11-05","45.00","NZD","2025-10-03 13:18:44"
"666697","342496","2025-11-09","45.00","NZD","2025-10-03 13:18:46"
"666697","342496","2025-11-10","45.00","NZD","2025-10-03 13:18:47"
"666697","342496","2025-11-11","45.00","NZD","2025-10-03 13:18:47"
"666697","342496","2025-11-12","45.00","NZD","2025-10-03 13:18:48"
"666697","342496","2025-11-13","45.00","NZD","2025-10-03 13:18:48"
"666697","342496","2025-11-14","45.00","NZD","2025-10-03 13:18:49"
"666697","342496","2025-11-15","45.00","NZD","2025-10-03 13:18:49"
"666697","342496","2025-11-16","45.00","NZD","2025-10-03 13:18:50"
"666697","342496","2025-11-17","45.00","NZD","2025-10-03 13:18:50"
"666697","342496","2025-11-18","45.00","NZD","2025-10-03 13:18:51"
"666697","342496","2025-11-19","45.00","NZD","2025-10-03 13:18:51"
"666697","342496","2025-11-20","45.00","NZD","2025-10-03 13:18:52"
"666697","342496","2025-11-23","45.00","NZD","2025-10-03 13:18:53"
"666697","342496","2025-11-24","45.00","NZD","2025-10-03 13:18:54"
"666697","342496","2025-11-25","45.00","NZD","2025-10-03 13:18:54"
"666697","342496","2025-11-26","45.00","NZD","2025-10-03 13:18:55"
"666697","342496","2025-11-27","45.00","NZD","2025-10-03 13:18:55"
"666697","342496","2025-11-28","45.00","NZD","2025-10-03 13:18:56"
"666697","342496","2025-11-29","45.00","NZD","2025-10-03 13:18:56"
"666697","342496","2025-11-30","45.00","NZD","2025-10-03 13:18:57"
"666697","342496","2025-12-01","45.00","NZD","2025-10-03 13:18:57"
"666697","342496","2025-12-02","45.00","NZD","2025-10-03 13:18:58"
"666697","342496","2025-12-03","45.00","NZD","2025-10-03 13:18:59"
"666697","342496","2025-12-04","45.00","NZD","2025-10-03 13:18:59"
"666697","342496","2025-12-05","45.00","NZD","2025-10-03 13:19:00"
"666697","342496","2025-12-06","45.00","NZD","2025-10-03 13:19:00"
"666697","342496","2025-12-07","45.00","NZD","2025-10-03 13:19:00"
"666697","342496","2025-12-08","45.00","NZD","2025-10-03 13:19:01"
"666697","342496","2025-12-09","45.00","NZD","2025-10-03 13:19:02"
"666697","342496","2025-12-10","45.00","NZD","2025-10-03 13:19:02"
"666697","342496","2025-12-11","45.00","NZD","2025-10-03 13:19:03"
"666697","342496","2025-12-12","45.00","NZD","2025-10-03 13:19:03"
"666697","342496","2025-12-13","45.00","NZD","2025-10-03 13:19:04"
"666697","342496","2025-12-14","45.00","NZD","2025-10-03 13:19:04"
"666697","342496","2025-12-16","45.00","NZD","2025-10-03 13:19:05"
"666697","342496","2025-12-17","45.00","NZD","2025-10-03 13:19:06"
"666697","342496","2025-12-18","45.00","NZD","2025-10-03 13:19:06"
"666697","342496","2025-12-22","45.00","NZD","2025-10-03 13:19:08"
"666697","342496","2025-12-23","45.00","NZD","2025-10-03 13:19:09"
"666697","342496","2025-12-24","45.00","NZD","2025-10-03 13:19:09"
"666697","342496","2025-10-07","45.00","NZD","2025-10-04 14:35:33"
"666697","342496","2025-10-08","45.00","NZD","2025-10-04 14:35:34"
"666697","342496","2025-10-10","45.00","NZD","2025-10-04 14:35:35"
"666697","342496","2025-10-11","45.00","NZD","2025-10-04 14:35:35"
"666697","342496","2025-10-12","45.00","NZD","2025-10-04 14:35:36"
"666697","342496","2025-10-13","45.00","NZD","2025-10-04 14:35:36"
"666697","342496","2025-10-14","45.00","NZD","2025-10-04 14:35:37"
"666697","342496","2025-10-15","45.00","NZD","2025-10-04 14:35:37"
"666697","342496","2025-10-16","45.00","NZD","2025-10-04 14:35:38"
"666697","342496","2025-10-17","45.00","NZD","2025-10-04 14:35:38"
"666697","342496","2025-10-18","45.00","NZD","2025-10-04 14:35:39"
"666697","342496","2025-10-19","45.00","NZD","2025-10-04 14:35:39"
"666697","342496","2025-10-20","45.00","NZD","2025-10-04 14:35:40"
"666697","342496","2025-10-21","45.00","NZD","2025-10-04 14:35:40"
"666697","342496","2025-10-22","45.00","NZD","2025-10-04 14:35:41"
"666697","342496","2025-10-23","45.00","NZD","2025-10-04 14:35:42"
"666697","342496","2025-10-24","45.00","NZD","2025-10-04 14:35:42"
"666697","342496","2025-10-27","45.00","NZD","2025-10-04 14:35:44"
"666697","342496","2025-10-28","45.00","NZD","2025-10-04 14:35:44"
"666697","342496","2025-10-29","45.00","NZD","2025-10-04 14:35:45"
"666697","342496","2025-10-30","45.00","NZD","2025-10-04 14:35:45"
"666697","342496","2025-10-31","45.00","NZD","2025-10-04 14:35:46"
"666697","342496","2025-11-01","45.00","NZD","2025-10-04 14:35:46"
"666697","342496","2025-11-02","45.00","NZD","2025-10-04 14:35:47"
"666697","342496","2025-11-03","45.00","NZD","2025-10-04 14:35:47"
"666697","342496","2025-11-04","45.00","NZD","2025-10-04 14:35:48"
"666697","342496","2025-11-05","45.00","NZD","2025-10-04 14:35:48"
"666697","342496","2025-11-09","45.00","NZD","2025-10-04 14:35:50"
"666697","342496","2025-11-10","45.00","NZD","2025-10-04 14:35:51"
"666697","342496","2025-11-11","45.00","NZD","2025-10-04 14:35:51"
"666697","342496","2025-11-12","45.00","NZD","2025-10-04 14:35:52"
"666697","342496","2025-11-13","45.00","NZD","2025-10-04 14:35:53"
"666697","342496","2025-11-14","45.00","NZD","2025-10-04 14:35:53"
"666697","342496","2025-11-15","45.00","NZD","2025-10-04 14:35:54"
"666697","342496","2025-11-16","45.00","NZD","2025-10-04 14:35:55"
"666697","342496","2025-11-17","45.00","NZD","2025-10-04 14:35:55"
"666697","342496","2025-11-18","45.00","NZD","2025-10-04 14:35:56"
"666697","342496","2025-11-19","45.00","NZD","2025-10-04 14:35:56"
"666697","342496","2025-11-20","45.00","NZD","2025-10-04 14:35:57"
"666697","342496","2025-11-23","45.00","NZD","2025-10-04 14:35:58"
"666697","342496","2025-11-24","45.00","NZD","2025-10-04 14:35:59"
"666697","342496","2025-11-25","45.00","NZD","2025-10-04 14:35:59"
"666697","342496","2025-11-26","45.00","NZD","2025-10-04 14:36:00"
"666697","342496","2025-11-27","45.00","NZD","2025-10-04 14:36:00"
"666697","342496","2025-11-28","45.00","NZD","2025-10-04 14:36:01"
"666697","342496","2025-11-29","45.00","NZD","2025-10-04 14:36:02"
"666697","342496","2025-11-30","45.00","NZD","2025-10-04 14:36:02"
"666697","342496","2025-12-01","45.00","NZD","2025-10-04 14:36:03"
"666697","342496","2025-12-02","45.00","NZD","2025-10-04 14:36:04"
"666697","342496","2025-12-03","45.00","NZD","2025-10-04 14:36:04"
"666697","342496","2025-12-04","45.00","NZD","2025-10-04 14:36:05"
"666697","342496","2025-12-05","45.00","NZD","2025-10-04 14:36:05"
"666697","342496","2025-12-06","45.00","NZD","2025-10-04 14:36:06"
"666697","342496","2025-12-07","45.00","NZD","2025-10-04 14:36:07"
"666697","342496","2025-12-08","45.00","NZD","2025-10-04 14:36:07"
"666697","342496","2025-12-09","45.00","NZD","2025-10-04 14:36:08"
"666697","342496","2025-12-10","45.00","NZD","2025-10-04 14:36:08"
"666697","342496","2025-12-11","45.00","NZD","2025-10-04 14:36:09"
"666697","342496","2025-12-12","45.00","NZD","2025-10-04 14:36:09"
"666697","342496","2025-12-13","45.00","NZD","2025-10-04 14:36:10"
"666697","342496","2025-12-14","45.00","NZD","2025-10-04 14:36:10"
"666697","342496","2025-12-16","45.00","NZD","2025-10-04 14:36:11"
"666697","342496","2025-12-17","45.00","NZD","2025-10-04 14:36:12"
"666697","342496","2025-12-18","45.00","NZD","2025-10-04 14:36:12"
"666697","342496","2025-12-22","45.00","NZD","2025-10-04 14:36:15"
"666697","342496","2025-12-23","45.00","NZD","2025-10-04 14:36:15"
"666697","342496","2025-12-24","45.00","NZD","2025-10-04 14:36:16"
"666697","342496","2026-01-02","45.00","NZD","2025-10-04 14:36:20"
"666697","342496","2025-10-07","45.00","NZD","2025-10-04 18:06:39"
"666697","342496","2025-10-08","45.00","NZD","2025-10-04 18:06:40"
"666697","342496","2025-10-10","45.00","NZD","2025-10-04 18:06:41"
"666697","342496","2025-10-11","45.00","NZD","2025-10-04 18:06:42"
"666697","342496","2025-10-12","45.00","NZD","2025-10-04 18:06:42"
"666697","342496","2025-10-13","45.00","NZD","2025-10-04 18:06:43"
"666697","342496","2025-10-14","45.00","NZD","2025-10-04 18:06:47"
"666697","342496","2025-10-15","45.00","NZD","2025-10-04 18:06:47"
"666697","342496","2025-10-16","45.00","NZD","2025-10-04 18:06:48"
"666697","342496","2025-10-17","45.00","NZD","2025-10-04 18:06:48"
"666697","342496","2025-10-18","45.00","NZD","2025-10-04 18:06:49"
"666697","342496","2025-10-19","45.00","NZD","2025-10-04 18:06:49"
"666697","342496","2025-10-20","45.00","NZD","2025-10-04 18:06:49"
"666697","342496","2025-10-21","45.00","NZD","2025-10-04 18:06:50"
"666697","342496","2025-10-22","45.00","NZD","2025-10-04 18:06:50"
"666697","342496","2025-10-23","45.00","NZD","2025-10-04 18:06:51"
"666697","342496","2025-10-24","45.00","NZD","2025-10-04 18:06:51"
"666697","342496","2025-10-27","45.00","NZD","2025-10-04 18:06:53"
"666697","342496","2025-10-28","45.00","NZD","2025-10-04 18:06:53"
"666697","342496","2025-10-29","45.00","NZD","2025-10-04 18:06:54"
"666697","342496","2025-10-30","45.00","NZD","2025-10-04 18:06:54"
"666697","342496","2025-10-31","45.00","NZD","2025-10-04 18:06:55"
"666697","342496","2025-11-01","45.00","NZD","2025-10-04 18:06:55"
"666697","342496","2025-11-02","45.00","NZD","2025-10-04 18:06:56"
"666697","342496","2025-11-03","45.00","NZD","2025-10-04 18:06:57"
"666697","342496","2025-11-04","45.00","NZD","2025-10-04 18:06:57"
"666697","342496","2025-11-05","45.00","NZD","2025-10-04 18:06:58"
"666697","342496","2025-11-09","45.00","NZD","2025-10-04 18:07:00"
"666697","342496","2025-11-10","45.00","NZD","2025-10-04 18:07:00"
"666697","342496","2025-11-11","45.00","NZD","2025-10-04 18:07:01"
"666697","342496","2025-11-12","45.00","NZD","2025-10-04 18:07:01"
"666697","342496","2025-11-13","45.00","NZD","2025-10-04 18:07:02"
"666697","342496","2025-11-14","45.00","NZD","2025-10-04 18:07:02"
"666697","342496","2025-11-15","45.00","NZD","2025-10-04 18:07:03"
"666697","342496","2025-11-16","45.00","NZD","2025-10-04 18:07:06"
"666697","342496","2025-11-17","45.00","NZD","2025-10-04 18:07:07"
"666697","342496","2025-11-18","45.00","NZD","2025-10-04 18:07:07"
"666697","342496","2025-11-19","45.00","NZD","2025-10-04 18:07:07"
"666697","342496","2025-11-20","45.00","NZD","2025-10-04 18:07:08"
"666697","342496","2025-11-23","45.00","NZD","2025-10-04 18:07:09"
"666697","342496","2025-11-24","45.00","NZD","2025-10-04 18:07:10"
"666697","342496","2025-11-25","45.00","NZD","2025-10-04 18:07:10"
"666697","342496","2025-11-26","45.00","NZD","2025-10-04 18:07:11"
"666697","342496","2025-11-27","45.00","NZD","2025-10-04 18:07:11"
"666697","342496","2025-11-28","45.00","NZD","2025-10-04 18:07:12"
"666697","342496","2025-11-29","45.00","NZD","2025-10-04 18:07:12"
"666697","342496","2025-11-30","45.00","NZD","2025-10-04 18:07:13"
"666697","342496","2025-12-01","45.00","NZD","2025-10-04 18:07:13"
"666697","342496","2025-12-02","45.00","NZD","2025-10-04 18:07:14"
"666697","342496","2025-12-03","45.00","NZD","2025-10-04 18:07:14"
"666697","342496","2025-12-04","45.00","NZD","2025-10-04 18:07:15"
"666697","342496","2025-12-05","45.00","NZD","2025-10-04 18:07:15"
"666697","342496","2025-12-06","45.00","NZD","2025-10-04 18:07:16"
"666697","342496","2025-12-07","45.00","NZD","2025-10-04 18:07:16"
"666697","342496","2025-12-08","45.00","NZD","2025-10-04 18:07:17"
"666697","342496","2025-12-09","45.00","NZD","2025-10-04 18:07:17"
"666697","342496","2025-12-10","45.00","NZD","2025-10-04 18:07:19"
"666697","342496","2025-12-11","45.00","NZD","2025-10-04 18:07:19"
"666697","342496","2025-12-12","45.00","NZD","2025-10-04 18:07:20"
"666697","342496","2025-12-13","45.00","NZD","2025-10-04 18:07:21"
"666697","342496","2025-12-14","45.00","NZD","2025-10-04 18:07:21"
"666697","342496","2025-12-16","45.00","NZD","2025-10-04 18:07:22"
"666697","342496","2025-12-17","45.00","NZD","2025-10-04 18:07:22"
"666697","342496","2025-12-18","45.00","NZD","2025-10-04 18:07:23"
"666697","342496","2025-12-22","45.00","NZD","2025-10-04 18:07:25"
"666697","342496","2025-12-23","45.00","NZD","2025-10-04 18:07:25"
"666697","342496","2025-12-24","45.00","NZD","2025-10-04 18:07:26"
"666697","342496","2026-01-02","45.00","NZD","2025-10-04 18:07:31"
